[{"id": 0, "img_name": "JAX_068_011_RGB", "width": 2048, "height": 2048, "position": [94668.35149530339, -116865.11027139865, 1545629.4255099539], "rotation": [[0.9992489800984072, -0.004275638872994834, 0.03851226667596144], [-0.007080975442969959, -0.997306538250198, 0.07300362011696516], [0.03809639824273012, -0.07322149735995459, -0.9965878168858464]], "fy": 4985601.705382693, "fx": 4965512.128908463, "cx": 484.2322653954539, "cy": 9.37214804420268}, {"id": 1, "img_name": "JAX_068_005_RGB", "width": 2048, "height": 2048, "position": [546016.2788630119, -210636.2454517919, 1794003.243506109], "rotation": [[0.995226007241802, -0.024123070605398644, 0.09456887423517008], [-0.04111276981724757, -0.9824273074761135, 0.182061323963075], [0.08851516631343175, -0.18508015287923416, -0.9787289728738516]], "fy": 5393039.437781374, "fx": 5009755.1906744, "cx": 1995.8519143723872, "cy": -417.90085260692996}, {"id": 2, "img_name": "JAX_068_002_RGB", "width": 2048, "height": 2048, "position": [69934.27265453032, 142440.59710884845, 691251.5199211079], "rotation": [[0.005932331737466355, 0.9998930687081382, -0.013366322964035083], [0.9876117391897481, -0.007954402397018924, -0.15671560259625367], [-0.15680516590583762, -0.012271048526044635, -0.9875533207444114]], "fy": 2227139.915807553, "fx": 2238233.780475348, "cx": 101.27164985296666, "cy": 185.83246963941312}, {"id": 3, "img_name": "JAX_068_006_RGB", "width": 2048, "height": 2048, "position": [286393.26217125915, 303636.5201351172, 1455119.1738935004], "rotation": [[0.9968275042747333, 0.04211942784318245, 0.06753429143456902], [0.051700136931193845, -0.9877755401126248, -0.1470597776297382], [0.06051464750539462, 0.15008476322856754, -0.9868194066210506]], "fy": 4572417.774358681, "fx": 4423497.113924948, "cx": 1150.7091253220196, "cy": -212.29742300325785}, {"id": 4, "img_name": "JAX_068_010_RGB", "width": 2048, "height": 2048, "position": [-221575.3806783223, -565283.6827336266, 966818.536314996], "rotation": [[0.9909236002351814, 0.1227632083251682, -0.054768724457098], [0.1338914781144927, -0.9376551119517675, 0.32074283019115823], [-0.011978755580714514, -0.3251647055146504, -0.945581526734902]], "fy": 2976841.169357883, "fx": 2917329.803617953, "cx": -806.8384319006789, "cy": 505.73697522178685}, {"id": 5, "img_name": "JAX_068_007_RGB", "width": 2048, "height": 2048, "position": [-197729.19541954115, -259920.37596635282, 1450235.049210505], "rotation": [[0.9986367458440998, 0.023001806298510088, -0.04685687523632358], [0.031448146747583776, -0.9815926938877858, 0.18837939741983933], [-0.04166129998030555, -0.18959615031198587, -0.9809778977483771]], "fy": 4638732.219711454, "fx": 4571783.103877741, "cx": -812.2853980867623, "cy": -75.48077894299952}, {"id": 6, "img_name": "JAX_068_020_RGB", "width": 2048, "height": 2048, "position": [-907121.8905573095, -182882.53715614497, 1847587.7521644959], "rotation": [[0.997751754222665, 0.030119712141406553, 0.0598685216630028], [0.033523164371456055, -0.9978293214740936, -0.056681942954294975], [0.05803132254325216, 0.058561490307781766, -0.996595663976526]], "fy": 5461726.726567105, "fx": 5097825.620499058, "cx": -2123.0866203100995, "cy": 745.1114270297303}, {"id": 7, "img_name": "JAX_068_016_RGB", "width": 2048, "height": 2048, "position": [-297854.4631218047, -385478.8034055325, 1330220.5373360172], "rotation": [[0.9974886492767991, 0.06157140064677405, -0.035005102290103535], [0.06758563982106007, -0.9752594712561204, 0.21047837184663346], [-0.021179609390263036, -0.21231562907055668, -0.9769715951850644]], "fy": 4195073.964061381, "fx": 4077159.267109829, "cx": -1020.8551537510799, "cy": 224.77287352446928}, {"id": 8, "img_name": "JAX_068_019_RGB", "width": 2048, "height": 2048, "position": [354205.5674791431, -132256.14975612887, 1690605.3037366087], "rotation": [[0.9952879400328074, -0.0069677343006533604, 0.09671280734197397], [-0.022100165389520695, -0.987463275413655, 0.15629415343860945], [0.09441132937844968, -0.1576950550526276, -0.9829642773249404]], "fy": 5210582.106633561, "fx": 4994877.313411768, "cx": 1524.366478582131, "cy": -427.48783906040234}, {"id": 9, "img_name": "JAX_068_001_RGB", "width": 2048, "height": 2048, "position": [89042.24855531189, 232168.48576003785, 682703.7102745575], "rotation": [[0.009513750985283813, 0.99985485845557, 0.014133314012720267], [0.9656898281630156, -0.005518566093213624, -0.25963956018057033], [-0.2595238800663152, 0.01611854370180433, -0.9656021687135224]], "fy": 2178602.087781855, "fx": 2200200.738434584, "cx": 143.24699438185806, "cy": 292.5281575003023}, {"id": 10, "img_name": "JAX_068_013_RGB", "width": 2048, "height": 2048, "position": [-19291.531917307857, -156013.066980497, 417895.2071030595], "rotation": [[0.9977002734064165, 0.01614285226682408, 0.06582987745281804], [-0.008813120160439536, -0.932083756661244, 0.36213560924231175], [0.06720486111732697, -0.36188296297139233, -0.9297979499618432]], "fy": 1365909.0949270283, "fx": 1366593.6513016582, "cx": 30.531989733534346, "cy": -18.275563877022027}, {"id": 11, "img_name": "JAX_068_009_RGB", "width": 2048, "height": 2048, "position": [-201031.49033988654, -433755.70672329864, 1076908.5846711393], "rotation": [[0.9975400877186095, 0.0578170135990498, 0.039635417656887724], [0.05730934089541568, -0.9982606972703445, 0.01382822228120372], [0.04036598618244912, -0.011522726405353628, -0.9991185184630027]], "fy": 3045470.490870776, "fx": 3221647.8674906776, "cx": -525.0911247891497, "cy": 1115.9757384915738}, {"id": 12, "img_name": "JAX_068_015_RGB", "width": 2048, "height": 2048, "position": [1002711.2564544172, 80688.23359900169, 1970246.9947068612], "rotation": [[0.998937453417914, 0.004535805706893204, -0.04586273678622134], [0.01613860099946293, -0.9665625397020803, 0.2559226492564589], [-0.04316838793275745, -0.2563908799299492, -0.9656087235376619]], "fy": 5404502.198419593, "fx": 5135820.891167267, "cx": 2388.160698218952, "cy": -1584.028981144423}, {"id": 13, "img_name": "JAX_068_014_RGB", "width": 2048, "height": 2048, "position": [-153286.19873734482, -33984.22845286205, 369243.42282749526], "rotation": [[0.8863186065842468, 0.0856527930202023, 0.4550856256468643], [-0.00946341507880119, -0.9791896635389469, 0.20272653154811868], [0.4629792343049587, -0.18398696113127808, -0.8670634502365279]], "fy": 1188182.163133304, "fx": 1191663.1121541783, "cx": 103.8333239987071, "cy": -139.72955915481293}, {"id": 14, "img_name": "JAX_068_022_RGB", "width": 2048, "height": 2048, "position": [285181.5418920905, 207032.71838832076, 1556781.351985968], "rotation": [[0.9963776254621114, 0.02628094745370972, 0.08087607359052384], [0.03378423458212996, -0.9951065857471644, -0.09285207857835165], [0.07804007286121724, 0.09524806981538325, -0.9923898186822855]], "fy": 4886372.475737593, "fx": 4727562.607108639, "cx": 1236.1690275142143, "cy": -155.59023210996688}, {"id": 15, "img_name": "JAX_068_004_RGB", "width": 2048, "height": 2048, "position": [-216526.7888924792, -8664.177250722558, 1608552.979915098], "rotation": [[0.9983250638968653, 0.00401080128756405, -0.05771464518085357], [0.0007455641134346884, -0.9984031015186074, -0.056486201962762585], [-0.05784903568317201, 0.05634856121549973, -0.996733830427898]], "fy": 5108037.3812324125, "fx": 5031620.464766848, "cx": -955.4273191473044, "cy": 308.7161632199978}, {"id": 16, "img_name": "JAX_068_018_RGB", "width": 2048, "height": 2048, "position": [-155383.82939764526, -66685.97720204384, 1568716.2794884844], "rotation": [[0.9991054635992599, 0.004058681495993892, -0.0420927512835852], [0.005821843174753581, -0.9991069462223419, 0.041849924161401465], [-0.04188530468023675, -0.04205754527763784, -0.9982368376978797]], "fy": 5036485.85447184, "fx": 4996664.007698332, "cx": -691.3704528439198, "cy": 0.06144727439680797}, {"id": 17, "img_name": "JAX_068_003_RGB", "width": 2048, "height": 2048, "position": [353872.8353412014, -382131.1853855636, 1477618.9746912238], "rotation": [[0.9972469203832519, -0.05817901009842507, 0.04597589118318231], [-0.0656864882208166, -0.9807917853039654, 0.1836648010520167], [0.0344073400793637, -0.18617915206657193, -0.9819131622930997]], "fy": 4629996.264552215, "fx": 4460523.991823494, "cx": 1241.3958274408672, "cy": 237.69162389271582}, {"id": 18, "img_name": "JAX_068_012_RGB", "width": 2048, "height": 2048, "position": [33149.79664747206, 389941.54153757484, 1232023.0226440171], "rotation": [[0.9998325219975315, 0.006619488634060297, 0.017061955523314857], [0.01217764581867231, -0.9365772161017794, -0.3502496584171871], [0.013661365172302525, 0.3503987737553669, -0.936500969808555]], "fy": 3990217.2403345187, "fx": 3995737.21885454, "cx": 165.5645323490337, "cy": 201.51294101648776}]